,dataset_name,cnn,inception,mcdcnn,mlp,resnet,twiesn
0,AUSLAN,74.1(4.1),97.3(0.3),82.0(3.0),90.9(0.6),97.1(0.4),71.3(2.3)
1,ArabicDigits,95.9(0.6),99.2(0.2),95.9(0.2),96.5(0.2),99.3(0.2),85.0(1.8)
2,CMUsubject16,96.6(1.6),99.3(1.5),47.9(5.0),97.2(2.2),99.7(1.1),90.0(7.5)
3,CharacterTrajectories,95.9(0.7),99.6(0.1),94.2(1.6),96.5(0.2),98.8(0.3),92.0(2.1)
4,ECG,85.0(2.3),88.9(1.5),66.8(0.6),84.9(1.3),86.7(1.5),72.5(3.5)
5,JapaneseVowels,96.2(1.2),99.1(0.3),94.1(1.2),97.6(0.1),99.2(0.3),96.0(1.3)
6,KickvsPunch,68.0(9.2),66.0(8.4),60.0(0.0),64.0(11.7),56.0(5.2),61.0(9.9)
7,Libras,61.4(1.5),88.4(0.8),64.7(6.7),57.3(2.5),95.2(1.1),78.5(1.6)
8,NetFlow,89.9(1.4),65.1(26.4),75.2(1.8),73.7(8.1),48.0(28.5),94.2(0.9)
9,UWave,86.0(1.1),,82.9(2.7),90.4(0.2),,78.7(2.6)
10,Wafer,94.3(1.9),99.0(0.3),91.1(2.3),95.2(1.1),98.8(0.5),95.1(0.8)
11,WalkvsRun,100.0(0.0),100.0(0.0),50.0(26.4),100.0(0.0),100.0(0.0),93.8(8.8)
