,dataset_name,cnn,fcn,mcdcnn,mlp,twiesn
0,ACSF1,32.8(2.4),90.2(1.9),26.2(5.0),48.4(1.7),60.2(4.2)
1,Adiac,36.4(3.1),84.2(0.6),48.6(11.4),22.6(1.0),41.9(2.9)
2,AllGestureWiimoteX,40.9(1.1),70.9(0.8),30.8(2.4),45.2(0.3),52.5(1.5)
3,AllGestureWiimoteY,48.4(0.7),77.3(0.7),36.6(6.2),51.3(1.0),59.9(1.4)
4,AllGestureWiimoteZ,38.2(1.7),69.4(0.8),28.9(2.3),37.8(1.2),51.7(1.8)
5,ArrowHead,72.2(1.5),85.0(1.7),69.1(8.0),66.3(0.9),65.5(9.3)
6,BME,95.6(0.4),84.0(0.7),86.8(8.1),86.5(1.3),80.7(5.7)
7,Beef,75.3(1.8),68.0(3.8),52.0(14.3),71.3(1.8),44.7(15.0)
8,BeetleFly,90.0(0.0),92.0(5.7),56.0(17.8),85.0(3.5),70.0(11.7)
9,BirdChicken,66.0(6.5),91.0(6.5),64.0(7.4),62.0(2.7),79.0(7.4)
10,CBF,94.2(1.3),99.4(0.1),89.4(10.6),86.2(1.0),89.6(3.4)
11,Car,78.3(1.2),92.0(1.4),69.3(7.6),76.3(0.7),67.3(10.8)
12,Chinatown,97.6(0.3),98.0(0.0),96.3(1.8),97.2(0.6),96.3(1.2)
13,ChlorineConcentration,60.4(1.4),82.6(0.2),66.0(4.1),54.5(0.8),55.4(0.1)
14,CinCECGTorso,68.8(8.0),83.8(1.1),83.7(10.6),83.4(0.3),27.1(1.6)
15,Coffee,100.0(0.0),100.0(0.0),97.9(2.0),96.4(2.5),98.6(3.2)
16,Computers,55.1(1.8),82.1(0.5),54.2(3.6),57.7(2.3),60.9(3.0)
17,CricketX,53.9(2.5),79.4(0.7),48.3(5.5),53.7(0.7),62.2(2.2)
18,CricketY,58.7(0.7),78.6(0.9),49.4(3.4),58.3(1.0),65.0(2.7)
19,CricketZ,48.8(0.9),80.4(0.9),52.3(1.5),55.7(1.0),63.9(2.1)
20,Crop,67.2(0.4),74.0(0.2),68.9(0.9),70.6(0.2),48.9(0.5)
21,DiatomSizeReduction,95.2(0.9),30.2(0.3),65.5(42.8),87.8(0.4),89.5(1.4)
22,DistalPhalanxOutlineAgeGroup,75.0(0.8),70.2(2.7),74.4(1.4),75.4(1.1),69.4(3.4)
23,DistalPhalanxOutlineCorrect,78.3(0.6),75.9(0.8),76.7(1.8),70.4(1.3),70.2(1.1)
24,DistalPhalanxTW,67.9(1.5),68.8(0.8),69.4(2.4),70.2(1.4),61.3(4.2)
25,DodgerLoopDay,57.8(2.7),37.2(6.9),48.5(4.5),51.5(2.7),56.5(2.2)
26,DodgerLoopGame,81.7(0.3),70.0(4.0),74.9(19.1),84.9(2.0),61.7(8.4)
27,DodgerLoopWeekend,97.1(0.0),91.9(0.6),97.7(0.3),97.8(0.0),94.6(2.1)
28,ECG200,81.0(1.4),89.4(0.5),84.8(2.2),87.6(0.9),86.0(2.2)
29,ECG5000,93.0(0.5),93.8(0.1),93.8(0.3),94.1(0.1),92.0(0.2)
30,ECGFiveDays,88.2(1.9),98.7(0.4),78.1(19.0),92.0(2.7),66.9(14.2)
31,EOGHorizontalSignal,41.9(1.8),57.2(1.3),39.9(2.8),45.0(1.0),40.3(2.4)
32,EOGVerticalSignal,36.0(1.4),43.6(0.4),35.7(3.9),40.6(1.1),34.0(1.4)
33,Earthquakes,69.9(2.6),72.8(1.1),74.5(0.6),73.4(1.8),74.8(0.0)
34,ElectricDevices,68.0(1.4),70.2(0.6),64.8(1.2),58.4(0.2),60.8(0.8)
35,EthanolLevel,58.2(3.5),29.2(4.5),39.7(13.6),42.7(3.1),49.7(3.0)
36,FaceAll,76.9(0.8),93.6(1.5),70.1(1.6),82.0(1.1),64.9(2.9)
37,FaceFour,90.7(1.5),92.5(0.6),60.7(26.0),81.8(2.0),75.2(17.7)
38,FacesUCR,86.7(0.8),94.8(0.3),75.8(5.4),75.7(0.9),64.0(1.5)
39,FiftyWords,62.5(0.9),65.5(0.8),53.5(4.8),67.6(0.7),48.9(3.1)
40,Fish,85.7(1.7),95.5(0.5),75.3(2.8),71.4(0.6),89.1(3.4)
41,FordA,89.5(0.8),91.4(0.3),87.6(2.2),84.9(0.4),54.8(1.6)
42,FordB,75.6(1.1),77.3(0.6),65.8(3.5),71.1(0.6),50.6(1.3)
43,FreezerRegularTrain,98.2(1.2),99.6(0.1),97.5(2.4),81.0(1.4),94.9(1.8)
44,FreezerSmallTrain,74.0(0.7),67.4(1.9),70.1(4.5),68.8(0.7),91.8(1.9)
45,Fungi,96.7(0.8),4.3(7.9),6.7(6.7),83.8(0.8),49.4(6.8)
46,GestureMidAirD1,52.2(2.1),71.4(1.9),47.5(5.2),55.7(1.3),51.5(5.1)
47,GestureMidAirD2,52.3(2.7),62.8(1.6),50.6(4.3),51.4(1.8),56.0(3.3)
48,GestureMidAirD3,29.4(1.5),33.4(2.1),29.2(1.5),37.1(1.5),23.4(0.9)
49,GesturePebbleZ1,84.8(1.2),87.8(1.4),80.5(2.6),78.8(1.4),84.5(1.9)
50,GesturePebbleZ2,77.3(1.3),74.8(2.0),72.3(5.5),66.8(1.8),88.1(2.8)
51,GunPoint,93.2(1.8),100.0(0.0),79.7(10.1),80.9(1.8),96.8(1.4)
52,GunPointAgeSpan,92.7(2.0),99.4(0.1),91.1(2.8),88.2(0.5),98.2(1.1)
53,GunPointMaleVersusFemale,97.3(0.2),99.7(0.0),97.9(0.8),97.5(0.3),99.1(0.0)
54,GunPointOldVersusYoung,92.0(0.1),98.2(0.6),92.6(1.0),92.5(0.7),97.4(0.8)
55,Ham,69.9(1.3),69.7(2.5),71.0(4.7),73.0(1.6),76.2(4.4)
56,HandOutlines,88.3(0.6),85.8(8.8),90.6(0.9),92.2(0.2),65.7(0.8)
57,Haptics,37.3(2.4),49.8(0.4),38.5(5.6),45.1(0.6),40.3(2.7)
58,Herring,52.8(2.3),64.1(4.6),60.0(6.3),55.9(2.8),59.7(3.7)
59,HouseTwenty,80.7(0.6),98.0(0.5),68.6(3.2),73.6(1.6),90.4(1.7)
60,InlineSkate,29.5(0.6),32.5(1.0),18.9(3.9),31.6(1.2),33.0(3.4)
61,InsectEPGRegularTrain,72.0(0.9),100.0(0.0),62.2(5.2),63.4(0.6),83.8(14.3)
62,InsectEPGSmallTrain,66.3(1.8),31.1(17.7),46.4(14.4),64.4(0.2),63.1(14.4)
63,InsectWingbeatSound,57.9(0.6),39.3(0.3),59.5(2.5),64.8(0.2),43.7(3.6)
64,ItalyPowerDemand,95.3(0.3),96.3(0.2),96.2(0.6),96.2(0.1),89.2(1.1)
65,LargeKitchenAppliances,66.5(5.5),89.9(0.4),45.5(4.6),47.5(2.0),79.1(0.7)
66,Lightning2,64.3(2.7),75.1(1.4),65.6(3.1),70.2(1.4),65.6(7.9)
67,Lightning7,66.0(1.5),84.7(2.6),50.1(12.5),65.5(2.6),64.4(5.0)
68,Mallat,92.5(0.8),97.0(0.2),91.4(3.6),90.6(0.5),69.0(9.4)
69,Meat,90.7(2.2),83.7(3.0),72.0(5.2),62.0(6.2),97.3(1.5)
70,MedicalImages,66.4(1.8),78.1(0.8),62.8(2.7),66.4(0.8),66.2(2.2)
71,MelbournePedestrian,82.3(1.6),91.2(0.3),84.4(0.7),83.0(0.2),73.4(0.6)
72,MiddlePhalanxOutlineAgeGroup,55.8(1.8),53.1(2.5),60.0(2.4),60.6(0.6),58.3(3.0)
73,MiddlePhalanxOutlineCorrect,75.7(1.4),79.4(1.5),77.9(1.7),67.8(2.4),74.4(0.4)
74,MiddlePhalanxTW,54.3(1.4),50.6(1.9),59.2(2.8),61.7(0.5),56.1(1.4)
75,MixedShapesRegularTrain,85.0(0.5),95.7(0.2),86.6(1.6),90.2(0.4),68.1(4.2)
76,MixedShapesSmallTrain,74.3(0.3),88.9(0.5),73.6(5.8),83.5(0.5),64.9(5.0)
77,MoteStrain,88.9(0.6),93.1(0.7),77.8(2.9),86.7(0.8),81.3(6.1)
78,NonInvasiveFetalECGThorax1,86.8(0.5),95.7(0.2),90.1(1.0),88.7(0.2),44.3(1.5)
79,NonInvasiveFetalECGThorax2,89.9(0.5),95.4(0.3),91.6(0.9),91.0(0.1),55.4(2.7)
80,OSULeaf,46.5(1.9),97.9(0.5),34.3(9.1),54.0(1.2),62.1(1.5)
81,OliveOil,40.7(1.5),66.0(17.2),40.0(0.0),40.0(0.0),80.0(2.4)
82,PLAID,73.7(2.0),87.4(0.9),63.5(3.5),59.6(1.3),57.5(2.0)
83,PhalangesOutlinesCorrect,79.8(2.2),82.6(1.2),80.6(0.8),71.2(0.6),65.2(0.7)
84,Phoneme,9.3(0.2),32.0(0.4),13.1(1.1),9.5(0.4),13.7(1.9)
85,PickupGestureWiimoteZ,58.0(3.2),74.0(4.5),41.6(7.7),59.2(1.8),65.2(2.7)
86,PigAirwayPressure,6.0(0.7),20.4(4.1),2.0(0.9),4.8(0.6),15.9(2.1)
87,PigArtPressure,11.0(1.3),98.6(0.7),2.2(1.0),10.6(0.8),67.8(4.8)
88,PigCVP,7.0(0.3),82.9(1.7),2.0(1.1),7.2(0.3),56.0(1.7)
89,Plane,95.6(0.9),100.0(0.0),95.8(1.6),96.0(0.4),100.0(0.0)
90,PowerCons,94.7(0.7),86.7(0.4),90.4(3.7),97.6(0.7),86.6(2.0)
91,ProximalPhalanxOutlineAgeGroup,81.5(1.4),82.3(1.4),83.9(1.8),85.7(0.8),84.1(0.7)
92,ProximalPhalanxOutlineCorrect,82.1(2.9),90.9(0.2),86.8(3.1),76.4(1.0),82.0(2.4)
93,ProximalPhalanxTW,78.6(0.9),76.8(0.3),79.9(1.7),80.8(0.6),78.4(1.9)
94,RefrigerationDevices,44.1(1.6),49.6(1.0),40.2(6.2),36.3(1.4),49.2(1.0)
95,Rock,87.6(1.7),67.2(1.1),47.2(21.7),88.8(1.8),33.6(6.7)
96,ScreenType,39.8(1.9),61.9(1.6),43.6(2.1),40.8(0.6),42.5(4.1)
97,SemgHandGenderCh2,80.4(1.0),83.4(0.9),83.7(4.6),82.6(0.7),74.0(5.7)
98,SemgHandMovementCh2,40.7(3.7),47.6(2.8),44.4(2.5),45.2(1.8),42.3(2.3)
99,SemgHandSubjectCh2,80.4(0.9),71.9(1.1),85.2(1.2),79.4(0.9),64.3(3.9)
100,ShakeGestureWiimoteZ,59.6(4.3),87.6(0.9),45.6(7.9),57.2(1.8),80.8(3.0)
101,ShapeletSim,50.1(1.4),73.1(2.5),51.1(3.5),48.2(1.6),62.0(8.9)
102,ShapesAll,62.2(0.9),89.4(0.6),59.4(3.4),73.4(1.0),63.2(0.9)
103,SmallKitchenAppliances,61.2(2.1),77.6(1.1),48.9(4.0),40.9(1.1),64.5(2.0)
104,SmoothSubspace,97.6(0.9),97.5(0.3),96.7(2.1),78.5(0.6),85.5(2.2)
105,SonyAIBORobotSurface1,69.0(1.5),96.7(0.7),60.0(13.9),72.0(0.6),61.8(8.4)
106,SonyAIBORobotSurface2,84.4(2.0),97.7(0.1),79.2(3.0),83.2(1.1),71.2(6.3)
107,StarLightCurves,92.5(0.3),96.6(0.1),93.0(1.1),83.5(0.5),85.0(0.1)
108,Strawberry,95.7(0.3),97.6(0.4),95.4(1.0),78.9(0.5),90.6(1.8)
109,SwedishLeaf,88.5(0.4),96.8(0.3),85.9(2.0),78.7(1.0),81.8(4.2)
110,Symbols,81.3(0.3),95.5(1.3),82.2(3.9),86.5(0.5),73.2(9.5)
111,SyntheticControl,98.9(0.3),98.7(0.3),98.5(1.0),95.5(0.4),86.5(1.1)
112,ToeSegmentation1,58.4(1.7),95.9(0.2),49.7(3.4),59.0(1.5),85.0(5.2)
113,ToeSegmentation2,71.5(3.3),87.7(2.5),44.5(14.6),74.3(2.6),78.9(9.6)
114,Trace,95.6(0.5),100.0(0.0),91.2(3.2),59.0(0.7),96.2(1.3)
115,TwoLeadECG,87.8(1.6),100.0(0.0),88.0(2.6),66.0(1.3),92.9(3.9)
116,TwoPatterns,99.2(0.3),87.0(0.2),98.2(0.2),88.7(0.6),85.8(1.2)
117,UMD,96.1(0.8),99.2(0.3),74.3(19.5),88.9(2.3),81.8(6.7)
118,UWaveGestureLibraryAll,91.8(0.2),81.7(0.5),92.7(0.8),95.4(0.2),57.1(3.0)
119,UWaveGestureLibraryX,71.2(1.6),75.4(0.3),72.3(2.2),76.3(0.2),60.4(1.8)
120,UWaveGestureLibraryY,62.7(0.7),64.2(0.4),63.6(1.1),68.7(0.2),52.0(1.0)
121,UWaveGestureLibraryZ,63.8(0.9),72.8(0.1),64.5(1.3),70.8(0.3),56.8(3.0)
122,Wafer,96.1(0.0),99.7(0.1),99.0(0.3),99.4(0.0),92.0(0.8)
123,Wine,46.3(2.3),51.1(2.5),50.0(0.0),50.0(0.0),66.7(16.9)
124,WordSynonyms,56.6(0.7),56.3(1.0),47.8(8.2),57.3(0.7),49.0(2.1)
125,Worms,40.3(1.8),78.4(2.0),42.9(2.2),56.1(3.2),50.9(1.9)
126,WormsTwoClass,54.3(3.1),75.3(0.9),55.6(2.3),61.0(2.6),57.9(2.4)
127,Yoga,78.0(0.7),83.5(0.7),78.8(1.8),79.8(0.4),61.7(2.7)
